1699980630374 1.1261876821517944 9
1699980651388 1.0991677045822144 19
1699980669397 1.0736538171768188 29
1699980677972 1.049805998802185 39
1699980686115 1.02323579788208 49
1699980695492 1.000098466873169 59
1699980704287 0.9766414165496826 69
1699980713470 0.9517589807510376 79
1699980731870 0.92404705286026 89
1699980751529 0.8952611684799194 99
1699980759840 0.8670380115509033 109
1699980768047 0.8393980860710144 119
1699980776873 0.8111842274665833 129
1699980791231 0.785862386226654 139
1699980810600 0.7618952989578247 149
