1700053693527 0.019118458032608032 99
1700053699022 0.013179035857319832 199
1700053704534 0.01035796757787466 299
1700053710200 0.008817924186587334 399
1700053715723 0.007674732711166143 499
1700053721215 0.006478461902588606 599
1700053726742 0.008206019178032875 699
1700053732807 0.006260630674660206 799
1700053738446 0.006849557626992464 899
1700053744019 0.007104977965354919 999
1700053749875 0.005450029391795397 1099
1700053755556 0.006590555887669325 1199
1700053761202 0.00678279111161828 1299
1700053766726 0.006772232707589865 1399
1700053772298 0.00592066440731287 1499
1700053777812 0.006011676508933306 1599
1700053783443 0.006575603969395161 1699
1700053789120 0.006603055167943239 1799
1700053794773 0.006047330796718597 1899
1700053800386 0.00539731839671731 1999
1700053805937 0.005820536054670811 2099
1700053811516 0.0062959627248346806 2199
1700053817104 0.00658609252423048 2299
1700053822722 0.006358649581670761 2399
1700053828280 0.005532538052648306 2499
1700053833837 0.00602752948179841 2599
1700053839363 0.005010177846997976 2699
1700053844925 0.0067805079743266106 2799
1700053850480 0.006600541528314352 2899
1700053856063 0.006093467585742474 2999
1700053861656 0.006225631572306156 3099
1700053867233 0.005140804685652256 3199
1700053872789 0.006417518015950918 3299
1700053878345 0.006697693839669228 3399
1700053883919 0.006266370881348848 3499
1700053889503 0.005010762717574835 3599
1700053895073 0.005472894757986069 3699
1700053900634 0.0056525361724197865 3799
1700053906186 0.006128676701337099 3899
1700053911753 0.00726333586499095 3999
1700053917352 0.004914330784231424 4099
1700053922971 0.005843802820891142 4199
1700053928579 0.0053724925965070724 4299
1700053934165 0.005302871111780405 4399
1700053939752 0.00682064751163125 4499
1700053945361 0.005743073765188456 4599
1700053951074 0.005759580060839653 4699
1700053956687 0.005003903992474079 4799
1700053962223 0.005534747149795294 4899
1700053967762 0.004611800890415907 4999
1700053973334 0.005458169616758823 5099
1700053978987 0.006172051187604666 5199
1700053985184 0.005829609930515289 5299
1700053991004 0.005369155202060938 5399
1700053996942 0.006063598673790693 5499
1700054002696 0.005357072222977877 5599
1700054008588 0.0048713465221226215 5699
1700054014498 0.005015147849917412 5799
1700054020320 0.00507921539247036 5899
1700054025969 0.0054859290830791 5999
1700054031558 0.0052940985187888145 6099
1700054037143 0.005375300068408251 6199
1700054042728 0.005815261974930763 6299
1700054048293 0.0050786202773451805 6399
1700054053860 0.005257958080619574 6499
1700054059410 0.006600300781428814 6599
1700054064929 0.00614336458966136 6699
1700054070494 0.0065018897876143456 6799
1700054076068 0.005571100395172834 6899
1700054145885 0.005712683312594891 6999
1700054151532 0.005624962504953146 7099
1700054157254 0.005568135064095259 7199
1700054162840 0.006122808903455734 7299
1700054168380 0.006260151043534279 7399
1700054173907 0.006755792535841465 7499
1700054179463 0.005243058316409588 7599
1700054184989 0.005865754093974829 7699
1700054190560 0.005589824635535479 7799
1700054196113 0.005426234565675259 7899
1700054201707 0.005778584163635969 7999
1700054207255 0.005570032633841038 8099
1700054212792 0.00495065888389945 8199
1700054218357 0.005892324261367321 8299
1700054223913 0.005845022853463888 8399
1700054229442 0.005470121279358864 8499
1700054235005 0.00633896142244339 8599
1700054240532 0.004910634830594063 8699
1700054246078 0.0069202641025185585 8799
1700054251611 0.00553912902250886 8899
1700054257130 0.006660832092165947 8999
1700054262649 0.00532283540815115 9099
1700054268208 0.005189255345612764 9199
1700054273731 0.005604844074696302 9299
1700054279275 0.0059961010701954365 9399
1700054284789 0.005401344504207373 9499
1700054290339 0.006502456031739712 9599
1700054295858 0.004780106712132692 9699
1700054301442 0.006513369269669056 9799
1700054306994 0.005051484331488609 9899
1700054312561 0.004219505470246077 9999
1700054318169 0.006111886817961931 10099
1700054323674 0.005512534640729427 10199
1700054329210 0.005998915992677212 10299
1700054334696 0.004979727324098349 10399
1700054340193 0.0054431818425655365 10499
1700054345704 0.0061838156543672085 10599
1700054351214 0.005616979207843542 10699
1700054356756 0.005533353891223669 10799
1700054362275 0.0052194613963365555 10899
1700054367793 0.004898356273770332 10999
1700054373327 0.004985522944480181 11099
1700054378859 0.005316627211868763 11199
1700054384393 0.00532185984775424 11299
1700054389930 0.0061089638620615005 11399
1700054395487 0.005806405562907457 11499
1700054401040 0.005824539344757795 11599
1700054406593 0.005409325938671827 11699
1700054412128 0.005335703492164612 11799
1700054417658 0.006177108734846115 11899
1700054423211 0.004064617678523064 11999
1700054428758 0.004947163164615631 12099
1700054434309 0.004771624691784382 12199
1700054439829 0.004742547404021025 12299
1700054445343 0.005846617743372917 12399
1700054450876 0.005876075476408005 12499
1700054456395 0.005959309171885252 12599
1700054461938 0.005343317985534668 12699
1700054467451 0.005099581554532051 12799
1700054472980 0.00362043222412467 12899
1700054478506 0.004954854492098093 12999
1700054484061 0.006170807406306267 13099
1700054489618 0.005220686551183462 13199
1700054495154 0.004918800666928291 13299
1700054500702 0.006043681409209967 13399
1700054506244 0.005506136920303106 13499
1700054511755 0.005809505470097065 13599
1700054517266 0.005924075376242399 13699
1700054522809 0.005229230038821697 13799
1700054591263 0.004892995115369558 13899
1700054596996 0.005114442203193903 13999
1700054602552 0.005598659161478281 14099
1700054608098 0.005780132953077555 14199
1700054613671 0.006270932499319315 14299
1700054619211 0.004859547596424818 14399
1700054624738 0.004856911022216082 14499
1700054630268 0.004810428246855736 14599
1700054635775 0.004554372280836105 14699
1700054641303 0.0058808960020542145 14799
1700054646877 0.005626599304378033 14899
1700054652417 0.005298773758113384 14999
1700054657939 0.005247040651738644 15099
1700054663435 0.004720278084278107 15199
1700054668979 0.005107253324240446 15299
1700054674547 0.004500686191022396 15399
1700054680297 0.006081629078835249 15499
1700054685821 0.005627225153148174 15599
1700054691342 0.005152450408786535 15699
1700054696866 0.004704297054558992 15799
1700054702410 0.005785579327493906 15899
1700054707949 0.005651057697832584 15999
1700054713481 0.00523004774004221 16099
1700054718962 0.005275302100926638 16199
1700054724500 0.005505602806806564 16299
1700054730018 0.005231006536632776 16399
1700054735559 0.0054876841604709625 16499
1700054741075 0.005098965018987656 16599
1700054746850 0.0054579684510827065 16699
1700054752813 0.006603119894862175 16799
1700054758959 0.005397380795329809 16899
1700054764915 0.005197430960834026 16999
1700054770589 0.004333510994911194 17099
1700054776496 0.004499353002756834 17199
1700054782337 0.0052970778197050095 17299
1700054788117 0.006055332254618406 17399
1700054794057 0.005292266141623259 17499
1700054799612 0.00511056836694479 17599
1700054805161 0.005471737124025822 17699
1700054810682 0.004800600931048393 17799
1700054816182 0.005180468782782555 17899
1700054821705 0.004943875130265951 17999
1700054827216 0.006030546501278877 18099
1700054832731 0.005905358120799065 18199
1700054838303 0.004046168643981218 18299
1700054843818 0.005297578405588865 18399
1700054849335 0.005546101368963718 18499
1700054854865 0.0056043886579573154 18599
1700054860400 0.005488778464496136 18699
1700054865937 0.0059782760217785835 18799
1700054871507 0.005044572055339813 18899
1700054877033 0.0042299567721784115 18999
1700054882584 0.005735946353524923 19099
1700054888115 0.00535439420491457 19199
1700054893649 0.0058839027769863605 19299
1700054899184 0.0054100449196994305 19399
1700054904714 0.005029594525694847 19499
1700054910239 0.004580729175359011 19599
1700054915722 0.005713298916816711 19699
1700054921189 0.004814960528165102 19799
1700054926650 0.005455078557133675 19899
1700054932195 0.0042581562884151936 19999
1700054937753 0.006694504991173744 20099
1700054943279 0.004653310868889093 20199
1700054948802 0.005725315306335688 20299
1700054954297 0.004959899932146072 20399
1700054959812 0.00489550968632102 20499
1700054965364 0.004841966088861227 20599
1700054970892 0.00528324581682682 20699
1700054976407 0.00507171917706728 20799
1700055045278 0.005110503640025854 20899
1700055050818 0.00653493357822299 20999
1700055056380 0.005118475295603275 21099
1700055061918 0.00456722779199481 21199
1700055067480 0.005445487331598997 21299
1700055073022 0.005282875616103411 21399
1700055078554 0.005376994144171476 21499
1700055084104 0.004423697479069233 21599
1700055089657 0.005252476315945387 21699
1700055095171 0.006196793168783188 21799
1700055100708 0.005841646809130907 21899
1700055106226 0.005595675203949213 21999
1700055111732 0.005389610305428505 22099
1700055117243 0.004773993510752916 22199
1700055122779 0.006276384461671114 22299
1700055128293 0.005509300623089075 22399
1700055133832 0.005305382423102856 22499
1700055139389 0.006356522906571627 22599
1700055144929 0.00533485459163785 22699
1700055150519 0.004711700137704611 22799
1700055156099 0.005734891165047884 22899
1700055161650 0.005047060549259186 22999
1700055167215 0.004358453210443258 23099
1700055172888 0.005843282211571932 23199
1700055178494 0.004389961250126362 23299
1700055184128 0.006191478576511145 23399
1700055189682 0.005610828287899494 23499
1700055195275 0.005175541155040264 23599
1700055200841 0.0045232875272631645 23699
1700055206402 0.004723054822534323 23799
1700055211976 0.0048730638809502125 23899
1700055217575 0.006266895681619644 23999
1700055223146 0.007034501060843468 24099
1700055228668 0.004587221425026655 24199
1700055234211 0.00470105791464448 24299
1700055239756 0.005410230718553066 24399
1700055245296 0.005170146003365517 24499
1700055250867 0.005878383293747902 24599
1700055256418 0.00537376431748271 24699
1700055261979 0.00584696838632226 24799
1700055267522 0.0045797512866556644 24899
1700055273060 0.0051634893752634525 24999
1700055278617 0.005130637437105179 25099
1700055284176 0.006067696958780289 25199
1700055289713 0.0061449212953448296 25299
1700055295273 0.005008714273571968 25399
1700055300806 0.004143390338867903 25499
1700055306319 0.0065100789070129395 25599
1700055311913 0.005505948327481747 25699
1700055317439 0.005243117921054363 25799
1700055323000 0.005002505145967007 25899
1700055328580 0.005419327411800623 25999
1700055334142 0.004677008371800184 26099
1700055339703 0.005054419860243797 26199
1700055345260 0.004852116573601961 26299
1700055350801 0.0048141274601221085 26399
1700055356376 0.005597584880888462 26499
1700055361926 0.004428070038557053 26599
1700055367510 0.004496532026678324 26699
1700055373056 0.004897094331681728 26799
1700055378639 0.005552162881940603 26899
1700055384198 0.005233648233115673 26999
1700055389725 0.0058260210789740086 27099
1700055395264 0.00550098717212677 27199
1700055400810 0.005949639715254307 27299
1700055406367 0.00539568392559886 27399
1700055411947 0.005468320567160845 27499
1700055417452 0.004378510173410177 27599
1700055422952 0.004610868636518717 27699
1700055492315 0.004518092609941959 27799
1700055498118 0.004761287942528725 27899
1700055503895 0.005139455199241638 27999
1700055509594 0.005356810055673122 28099
1700055515292 0.0055845919996500015 28199
1700055520876 0.006379769183695316 28299
1700055526465 0.0056930542923510075 28399
1700055532058 0.0054753851145505905 28499
1700055537612 0.004707521293312311 28599
1700055543178 0.004790572449564934 28699
1700055548772 0.00602343026548624 28799
1700055554291 0.004386427812278271 28899
1700055559862 0.005477097351104021 28999
1700055565450 0.004213741049170494 29099
1700055570999 0.005316897761076689 29199
1700055576779 0.0054225800558924675 29299
1700055582343 0.005005051847547293 29399
1700055587969 0.0051387883722782135 29499
1700055593552 0.004889691714197397 29599
1700055599140 0.004626118112355471 29699
1700055604653 0.005037411581724882 29799
1700055610196 0.005454398225992918 29899
1700055615733 0.006306433118879795 29999
1700055621248 0.006679084151983261 30099
1700055626772 0.0047184438444674015 30199
1700055632371 0.006190486252307892 30299
1700055637907 0.005648652091622353 30399
1700055643420 0.005339530296623707 30499
1700055648956 0.004499631002545357 30599
1700055654451 0.005390062462538481 30699
1700055660085 0.005516543984413147 30799
1700055665637 0.005033338442444801 30899
1700055671165 0.00511507410556078 30999
1700055676709 0.005418961402028799 31099
1700055682218 0.004765791818499565 31199
1700055687771 0.005527037661522627 31299
1700055693437 0.005894508678466082 31399
1700055698972 0.005261892918497324 31499
1700055704488 0.004777955356985331 31599
1700055710134 0.004857961554080248 31699
1700055715715 0.005921233911067247 31799
1700055721236 0.0046772402711212635 31899
1700055726765 0.004932696465402842 31999
1700055732281 0.004585127346217632 32099
1700055737781 0.0049749938771128654 32199
1700055743305 0.0049840840511024 32299
1700055748846 0.004673997405916452 32399
1700055754378 0.005679144989699125 32499
1700055759910 0.004989881534129381 32599
1700055765447 0.005715361796319485 32699
1700055770986 0.0052554854191839695 32799
1700055776515 0.005657288245856762 32899
1700055782057 0.005254317540675402 32999
1700055787572 0.005040265154093504 33099
1700055793099 0.0047888606786727905 33199
1700055798635 0.0053460318595170975 33299
1700055804179 0.00508896354585886 33399
1700055809708 0.00460503064095974 33499
1700055815220 0.005198424216359854 33599
1700055820765 0.004834520164877176 33699
1700055826319 0.004309143405407667 33799
1700055831854 0.005445155780762434 33899
1700055837382 0.005301809404045343 33999
1700055842938 0.004823670256882906 34099
1700055848485 0.003980107605457306 34199
1700055854057 0.004845494870096445 34299
1700055859593 0.004605602473020554 34399
1700055865131 0.00474205706268549 34499
1700055870656 0.005165360867977142 34599
1700055876184 0.005162551533430815 34699
1700055945092 0.0038991000037640333 34799
1700055950608 0.005521672777831554 34899
1700055956141 0.00580943375825882 34999
1700055961662 0.0053927116096019745 35099
1700055967157 0.00444148201495409 35199
1700055972692 0.005013805348426104 35299
1700055978244 0.005856685806065798 35399
1700055983797 0.005578001961112022 35499
1700055989329 0.0054600415751338005 35599
1700055994844 0.005474975798279047 35699
1700056000376 0.005811686627566814 35799
1700056005964 0.004340797197073698 35899
1700056011518 0.005622901488095522 35999
1700056017072 0.0048155407421290874 36099
1700056022603 0.006613674107939005 36199
1700056028136 0.005203456152230501 36299
1700056033665 0.005108431447297335 36399
1700056039314 0.005539079662412405 36499
1700056044845 0.005391339305788279 36599
1700056050504 0.006006638985127211 36699
1700056056150 0.0056446208618581295 36799
1700056061734 0.005359151400625706 36899
1700056067261 0.005323370918631554 36999
1700056072858 0.00497894873842597 37099
1700056078406 0.0044601792469620705 37199
1700056084045 0.00494428863748908 37299
1700056089637 0.00564411049708724 37399
1700056095197 0.0052591487765312195 37499
1700056100745 0.004497265908867121 37599
1700056106278 0.005472076591104269 37699
1700056111813 0.005115360952913761 37799
1700056117340 0.005078489892184734 37899
1700056122875 0.00451160641387105 37999
1700056128437 0.004411481786519289 38099
1700056134038 0.004348728805780411 38199
1700056139635 0.0059054638259112835 38299
1700056145183 0.005322130396962166 38399
1700056150683 0.004619259852916002 38499
1700056156168 0.004577915649861097 38599
1700056161649 0.005296184215694666 38699
1700056167180 0.004947220906615257 38799
1700056172666 0.005178595427423716 38899
1700056178181 0.004808295518159866 38999
1700056183680 0.004932373762130737 39099
1700056189171 0.004908589646220207 39199
1700056194666 0.004860089160501957 39299
1700056200186 0.005102645140141249 39399
1700056205712 0.005789726972579956 39499
1700056211308 0.0053857495076954365 39599
1700056216863 0.005846415180712938 39699
1700056222394 0.0053239925764501095 39799
1700056227941 0.00454525975510478 39899
1700056233495 0.004980890080332756 39999
1700056239017 0.0058200485073029995 40099
1700056244497 0.005526749417185783 40199
1700056250020 0.004744959529489279 40299
1700056255537 0.0044404249638319016 40399
1700056261115 0.00503748981282115 40499
1700056266618 0.004796374589204788 40599
1700056272129 0.004272756166756153 40699
1700056277624 0.004854082129895687 40799
1700056283108 0.005816684104502201 40899
1700056288619 0.004948663525283337 40999
1700056294127 0.005553315859287977 41099
1700056299620 0.0053541818633675575 41199
1700056305449 0.006569801829755306 41299
1700056310948 0.0053452686406672 41399
1700056316481 0.0046633267775177956 41499
1700056322016 0.005748145282268524 41599
1700056390746 0.005987432785332203 41699
1700056396504 0.005682142451405525 41799
1700056402077 0.004828252363950014 41899
1700056407609 0.005540937650948763 41999
1700056413126 0.004614111967384815 42099
1700056418821 0.005034642294049263 42199
1700056424396 0.0057648248039186 42299
1700056429943 0.004629473201930523 42399
1700056435550 0.0054208203218877316 42499
1700056441068 0.005778633523732424 42599
1700056446568 0.005674599204212427 42699
1700056452058 0.004847600124776363 42799
1700056457546 0.005177581217139959 42899
1700056463009 0.005182595457881689 42999
1700056468477 0.005407615564763546 43099
1700056473945 0.005450690630823374 43199
1700056479431 0.004794959910213947 43299
1700056484971 0.0045440662652254105 43399
1700056490465 0.0037941925693303347 43499
1700056495967 0.005166403949260712 43599
1700056501467 0.005876429378986359 43699
1700056506965 0.0045288135297596455 43799
1700056512556 0.005247512366622686 43899
1700056518099 0.005326727870851755 43999
1700056523597 0.004642545245587826 44099
1700056529114 0.004691929556429386 44199
1700056534616 0.004689604975283146 44299
1700056540100 0.005015415605157614 44399
1700056545637 0.00548766041174531 44499
1700056551142 0.0057350825518369675 44599
1700056556652 0.004511244595050812 44699
1700056562163 0.004389448557049036 44799
1700056567653 0.004837057553231716 44899
1700056573150 0.004140914883464575 44999
1700056578666 0.005213979631662369 45099
1700056584152 0.004734152462333441 45199
1700056589635 0.0062508536502718925 45299
1700056595135 0.005525733344256878 45399
1700056600647 0.004677866119891405 45499
1700056606174 0.004193287342786789 45599
1700056611689 0.0048197549767792225 45699
1700056617179 0.005387323908507824 45799
1700056622791 0.0052167191170156 45899
1700056628281 0.005130409263074398 45999
1700056633807 0.005424874369055033 46099
1700056639306 0.004758317954838276 46199
1700056644807 0.005572224967181683 46299
1700056650298 0.003980557434260845 46399
1700056655792 0.004674719646573067 46499
1700056661275 0.005503494292497635 46599
1700056666769 0.0057717314921319485 46699
1700056672317 0.004845683928579092 46799
1700056677811 0.005070970393717289 46899
1700056683320 0.0057753995060920715 46999
1700056688946 0.006058153230696917 47099
1700056694440 0.005215096287429333 47199
1700056699925 0.0044377646408975124 47299
1700056705450 0.004978321958333254 47399
1700056710931 0.00442184042185545 47499
1700056716422 0.004953949246555567 47599
1700056722025 0.005954976659268141 47699
1700056727673 0.00421772338449955 47799
1700056733658 0.005344700533896685 47899
1700056739523 0.00560383778065443 47999
1700056745306 0.005204885266721249 48099
1700056751089 0.005718660540878773 48199
1700056756637 0.005001433193683624 48299
1700056762175 0.005418065469712019 48399
1700056767686 0.004701162688434124 48499
1700056773289 0.005133774131536484 48599
1700056842401 0.005447478033602238 48699
1700056847907 0.005534814670681953 48799
1700056853434 0.004197610076516867 48899
1700056858953 0.0049974508583545685 48999
1700056864501 0.005461130291223526 49099
1700056869993 0.0046235620975494385 49199
1700056875541 0.005354234017431736 49299
1700056881127 0.005012138281017542 49399
1700056886631 0.0041720569133758545 49499
1700056892160 0.004946036264300346 49599
1700056897670 0.004945247434079647 49699
1700056903178 0.00549052469432354 49799
1700056908668 0.004475057125091553 49899
1700056914168 0.005451293662190437 49999
1700056919622 0.004458434414118528 50099
1700056925118 0.004335740581154823 50199
1700056930583 0.00475899875164032 50299
1700056936072 0.004858477506786585 50399
1700056941558 0.005235120188444853 50499
1700056947029 0.005093907471746206 50599
1700056952548 0.0060789743438363075 50699
1700056958079 0.004662621766328812 50799
1700056963584 0.004250875674188137 50899
1700056969090 0.004576547536998987 50999
1700056974590 0.00488004507496953 51099
1700056980103 0.005588210187852383 51199
1700056985627 0.005501204635947943 51299
1700056991114 0.005459849257022142 51399
1700056996622 0.005690767429769039 51499
1700057002219 0.004261835943907499 51599
1700057007774 0.005841515492647886 51699
1700057013279 0.005187410861253738 51799
1700057018810 0.0047553773038089275 51899
1700057024307 0.005905896425247192 51999
1700057029837 0.004884310532361269 52099
1700057035326 0.004912099801003933 52199
1700057040837 0.004340000916272402 52299
1700057046315 0.005644766613841057 52399
1700057051827 0.006064810324460268 52499
1700057057329 0.005451930221170187 52599
1700057062857 0.005177164450287819 52699
1700057068361 0.004512945655733347 52799
1700057073861 0.005639911629259586 52899
1700057079348 0.005081720184534788 52999
1700057084862 0.004854060709476471 53099
1700057090379 0.0049168118275702 53199
1700057095997 0.005152290221303701 53299
1700057101531 0.0057027204893529415 53399
1700057107056 0.005491763353347778 53499
1700057112545 0.004910709802061319 53599
1700057118091 0.006174363195896149 53699
1700057123599 0.004370369482785463 53799
1700057129126 0.005508871749043465 53899
1700057158714 0.005327653139829636 53999
1700057167245 0.005879887379705906 54099
1700057172769 0.005085044540464878 54199
1700057282648 0.005466839298605919 54299
1700057312873 0.004891389515250921 54399
1700057318378 0.004293356090784073 54499
1700057323897 0.005019046366214752 54599
1700057329394 0.005356736481189728 54699
1700057334945 0.005475998390465975 54799
1700057340468 0.004810003563761711 54899
1700057346209 0.005015754606574774 54999
1700057351971 0.006171022076159716 55099
1700057357559 0.005615284666419029 55199
1700057363044 0.005524440668523312 55299
1700057368569 0.004851408768445253 55399
1700057374214 0.0040233926847577095 55499
1700057537313 0.004899109248071909 55599
1700057542895 0.005608833860605955 55699
1700057548409 0.004608938004821539 55799
1700057553947 0.005346938967704773 55899
1700057559832 0.00459469435736537 55999
1700057565337 0.004777734167873859 56099
1700057570906 0.00492357462644577 56199
1700057576743 0.005290991626679897 56299
1700057582475 0.004577432293444872 56399
1700057588372 0.004896803293377161 56499
1700057593910 0.005819587968289852 56599
1700057599478 0.005957591347396374 56699
1700057605024 0.005318244453519583 56799
1700057610574 0.006070008035749197 56899
1700057616089 0.005136281717568636 56999
1700057621693 0.004663118626922369 57099
1700057627228 0.005228039342910051 57199
1700057632707 0.005047950893640518 57299
1700057638554 0.004570350982248783 57399
1700057644036 0.004869607277214527 57499
1700057649588 0.005441754125058651 57599
1700057655071 0.006367820780724287 57699
1700057660577 0.004575974773615599 57799
1700057666071 0.005394632462412119 57899
1700057671608 0.005369891878217459 57999
1700057677165 0.005179899744689465 58099
1700057682657 0.005756801925599575 58199
1700057688217 0.005697436630725861 58299
1700057693706 0.005165536887943745 58399
1700057699236 0.005575956776738167 58499
1700057704747 0.006486072205007076 58599
1700057710272 0.004639817401766777 58699
1700057715827 0.005398753099143505 58799
1700057721359 0.004324981942772865 58899
1700057726895 0.005183250177651644 58999
1700057732371 0.005290523637086153 59099
1700057737923 0.005484702065587044 59199
1700057743443 0.0049124546349048615 59299
1700057749072 0.004749375395476818 59399
1700057754575 0.005182782653719187 59499
1700057760177 0.0045704604126513 59599
1700057765687 0.00500305462628603 59699
1700057771249 0.004789164289832115 59799
1700057776780 0.0044358293525874615 59899
1700057782327 0.005402974784374237 59999
1700057787888 0.005418016575276852 60099
1700057793408 0.005845110397785902 60199
1700057799002 0.004188762046396732 60299
1700057804527 0.0043009379878640175 60399
1700057810120 0.005327602848410606 60499
1700057815662 0.0054945251904428005 60599
1700057821368 0.0042528086341917515 60699
1700057827316 0.004842850845307112 60799
1700057832984 0.00501817325130105 60899
1700057838597 0.005436021834611893 60999
1700057844191 0.005292933434247971 61099
1700057849778 0.004911780823022127 61199
1700057855436 0.004791823215782642 61299
1700057861122 0.005154427606612444 61399
1700057866777 0.005872012116014957 61499
1700057872423 0.005256148055195808 61599
1700057877965 0.004432284273207188 61699
1700057883606 0.004692156799137592 61799
1700057889218 0.004569078329950571 61899
1700057894855 0.0055140284821391106 61999
1700057900421 0.004307462368160486 62099
1700057906013 0.006618380080908537 62199
1700057911594 0.005627680104225874 62299
1700057917190 0.00449515413492918 62399
1700057922781 0.00395845016464591 62499
1700057993625 0.004928575828671455 62599
1700057999190 0.0056723845191299915 62699
1700058004785 0.005232007708400488 62799
1700058010336 0.005155717488378286 62899
1700058015863 0.004561733454465866 62999
1700058021479 0.0041756536811590195 63099
1700058027036 0.005382730159908533 63199
1700058032639 0.006077466066926718 63299
1700058038244 0.004759125877171755 63399
1700058043844 0.005620735231786966 63499
1700058049454 0.005253862123936415 63599
1700058055043 0.005775088910013437 63699
1700058060618 0.004641134291887283 63799
1700058066235 0.00476881954818964 63899
1700058071817 0.0054579670540988445 63999
1700058077388 0.0053476085886359215 64099
1700058082986 0.0042547807097435 64199
1700058088573 0.00489977840334177 64299
1700058094203 0.0051634907722473145 64399
1700058099770 0.005537295714020729 64499
1700058105323 0.0048177000135183334 64599
1700058110898 0.004663222003728151 64699
1700058116473 0.005003404337912798 64799
1700058122050 0.004552049096673727 64899
1700058127644 0.00423459941521287 64999
1700058133200 0.004229745827615261 65099
1700058138798 0.0055383252911269665 65199
1700058144361 0.005145401693880558 65299
1700058149934 0.0041777389124035835 65399
1700058155530 0.0051437425427138805 65499
1700058161084 0.005178083200007677 65599
1700058166645 0.0062177483923733234 65699
1700058172214 0.005846098996698856 65799
1700058177775 0.005112152546644211 65899
1700058183386 0.005260438192635775 65999
1700058188957 0.004901491571217775 66099
1700058194532 0.0042337761260569096 66199
1700058200153 0.004891182295978069 66299
1700058205741 0.004496596287935972 66399
1700058211324 0.005276487674564123 66499
1700058216913 0.004254442639648914 66599
1700058222484 0.004196229390799999 66699
1700058228050 0.005275062285363674 66799
1700058233650 0.003983140457421541 66899
1700058239241 0.004914327524602413 66999
1700058244861 0.004447433166205883 67099
1700058250409 0.004945031367242336 67199
1700058256110 0.005118696950376034 67299
1700058261716 0.004960303660482168 67399
1700058267287 0.005979965440928936 67499
1700058272866 0.004429724998772144 67599
1700058278409 0.0054006427526474 67699
1700058284175 0.005544538144022226 67799
1700058289799 0.004674831405282021 67899
1700058295361 0.005165578331798315 67999
1700058300904 0.004749874584376812 68099
1700058306511 0.004645955748856068 68199
1700058312062 0.00510572362691164 68299
1700058317639 0.004558446817100048 68399
1700058323236 0.004183316137641668 68499
1700058328846 0.004885893315076828 68599
1700058335181 0.004987283144146204 68699
1700058340811 0.005326780956238508 68799
1700058346372 0.0052811987698078156 68899
1700058351955 0.005190487019717693 68999
1700058357907 0.005608643405139446 69099
1700058363701 0.004236576147377491 69199
1700058370039 0.005203270353376865 69299
1700058375606 0.004962420556694269 69399
1700058448135 0.0061852894723415375 69499
1700058453763 0.004809459205716848 69599
1700058459364 0.005106513854116201 69699
1700058464967 0.004945762921124697 69799
1700058470539 0.004909387324005365 69899
1700058476133 0.004785786382853985 69999
1700058481709 0.0049142069183290005 70099
1700058487402 0.0038185976445674896 70199
1700058493002 0.005336579866707325 70299
1700058498531 0.005028169602155685 70399
1700058504100 0.004611271899193525 70499
1700058509620 0.004132541362196207 70599
