1700059462692 0.042945776134729385 0
1700059915221 0.005474686622619629 1
1700060370783 0.005303794052451849 2
1700060822422 0.005219573155045509 3
1700061291296 0.005169498268514872 4
1700061740923 0.005131714046001434 5
1700062187946 0.005098315421491861 6
1700064059819 0.005072237923741341 7
1700064655254 0.005049329716712236 8
1700065102358 0.005030968226492405 9
1700065549060 0.005014143884181976 10
1700065995116 0.00499714957550168 11
1700066441450 0.004983195569366217 12
1700066889047 0.004968974273651838 13
1700067335663 0.004956656601279974 14
