1700059015100 0.9109050035476685 99
1700059021080 0.4432016611099243 199
1700059027023 0.21123631298542023 299
1700059032783 0.11453113704919815 399
1700059038627 0.07289794832468033 499
1700059044141 0.04874041676521301 599
1700059049642 0.037135884165763855 699
1700059055156 0.02828902192413807 799
1700059060732 0.024242907762527466 899
1700059066232 0.02150934562087059 999
1700059071731 0.017550334334373474 1099
1700059077214 0.015602543950080872 1199
1700059082816 0.015408551320433617 1299
1700059088396 0.013268974609673023 1399
1700059093952 0.012061063200235367 1499
1700059099460 0.011369222775101662 1599
1700059104959 0.011436662636697292 1699
1700059110432 0.011004657484591007 1799
1700059116012 0.010313691571354866 1899
1700059121697 0.009672990068793297 1999
1700059127263 0.008935182355344296 2099
1700059132857 0.008168053813278675 2199
1700059138342 0.00831764005124569 2299
1700059143810 0.007319034077227116 2399
1700059149310 0.007190869655460119 2499
1700059154885 0.006999618373811245 2599
1700059160460 0.0064697409979999065 2699
1700059165917 0.006511064246296883 2799
1700059171368 0.006885931361466646 2899
1700059176853 0.007431806530803442 2999
1700059182449 0.006427964195609093 3099
1700059187899 0.006437304895371199 3199
1700059193387 0.005978258326649666 3299
1700059198913 0.006606471724808216 3399
1700059204785 0.006168859079480171 3499
1700059210654 0.006025420967489481 3599
1700059216232 0.0062676542438566685 3699
1700059221866 0.005980715621262789 3799
1700059227652 0.006868437863886356 3899
1700059233329 0.006555106025189161 3999
1700059239121 0.005922066979110241 4099
1700059244635 0.005427675321698189 4199
1700059250184 0.004922910593450069 4299
1700059255682 0.0065879225730896 4399
1700059261223 0.0058590322732925415 4499
1700059266752 0.0058632236905395985 4599
1700059272363 0.006283912807703018 4699
1700059277859 0.005528496112674475 4799
1700059283414 0.0062736328691244125 4899
1700059289017 0.00457027880474925 4999
1700059294554 0.005932847503572702 5099
1700059300179 0.006986530963331461 5199
1700059305758 0.007463307119905949 5299
1700059311371 0.006950057111680508 5399
1700059316890 0.006240034010261297 5499
1700059322479 0.005388041492551565 5599
1700059328028 0.005770256742835045 5699
1700059333626 0.005992584861814976 5799
1700059339215 0.005162319168448448 5899
1700059344766 0.006114212330430746 5999
1700059350335 0.006136707030236721 6099
1700059355868 0.004946472588926554 6199
1700059361469 0.0044776969589293 6299
1700059367019 0.005609599407762289 6399
1700059372544 0.005972718354314566 6499
1700059378070 0.005197687540203333 6599
1700059383707 0.0054534319788217545 6699
1700059389338 0.00499165803194046 6799
1700059394869 0.005580238066613674 6899
1700059466376 0.005845305509865284 6999
1700059471907 0.005226741544902325 7099
1700059477742 0.006106157321482897 7199
1700059483333 0.005858052521944046 7299
1700059488865 0.004820465110242367 7399
1700059494358 0.0063624330796301365 7499
1700059499946 0.0038842784706503153 7599
1700059505645 0.0061461045406758785 7699
1700059511381 0.005686815362423658 7799
1700059516880 0.005554580595344305 7899
1700059522403 0.004770285915583372 7999
1700059527910 0.005758262705057859 8099
1700059533484 0.006199929863214493 8199
1700059539046 0.004834905732423067 8299
1700059544551 0.005096587352454662 8399
1700059550107 0.005285112652927637 8499
1700059555609 0.0051048072054982185 8599
1700059561159 0.005146728362888098 8699
1700059566695 0.004330325871706009 8799
1700059572290 0.005026403348892927 8899
1700059577793 0.004606850910931826 8999
1700059583373 0.004596213344484568 9099
1700059588960 0.0038597385864704847 9199
1700059594575 0.00411355122923851 9299
1700059600168 0.006112501956522465 9399
1700059605706 0.0059861838817596436 9499
1700059611265 0.005815212149173021 9599
1700059617036 0.005727792624384165 9699
1700059623185 0.0062308707274496555 9799
1700059629004 0.0046410816721618176 9899
1700059634804 0.005477921571582556 9999
1700059640390 0.005336263217031956 10099
1700059646232 0.0055716438218951225 10199
1700059652113 0.005163338966667652 10299
1700059657773 0.005644096992909908 10399
1700059663380 0.0062406547367572784 10499
1700059668901 0.005046794191002846 10599
1700059674487 0.005943292751908302 10699
1700059680025 0.005738559644669294 10799
1700059685691 0.006443220190703869 10899
1700059691298 0.006302261259406805 10999
1700059696874 0.004898288287222385 11099
1700059702434 0.007118209730833769 11199
1700059708101 0.004989098757505417 11299
1700059713631 0.003956865519285202 11399
1700059719179 0.0046830615028738976 11499
1700059724747 0.005449633579701185 11599
1700059730276 0.005804246757179499 11699
1700059735823 0.005319838412106037 11799
1700059741378 0.005219857208430767 11899
1700059746903 0.005196000915020704 11999
1700059752492 0.004817667882889509 12099
1700059758034 0.005228669848293066 12199
1700059763617 0.006771252956241369 12299
1700059769125 0.005760792642831802 12399
1700059774662 0.005197996739298105 12499
1700059780207 0.006168701220303774 12599
1700059785787 0.0055964733473956585 12699
1700059791315 0.004846102558076382 12799
1700059796823 0.006065565627068281 12899
1700059802371 0.005650666542351246 12999
1700059807861 0.0077297682873904705 13099
1700059813440 0.005566539242863655 13199
1700059818915 0.00581163028255105 13299
1700059824441 0.004933902528136969 13399
1700059829924 0.0061941309832036495 13499
1700059835470 0.005577795207500458 13599
1700059840994 0.00515478290617466 13699
1700059846521 0.004502820782363415 13799
1700059915897 0.0057898154482245445 13899
1700059921703 0.005241964478045702 13999
1700059927329 0.0054441154934465885 14099
1700059933077 0.006397670134902 14199
1700059938629 0.0044656782411038876 14299
1700059944189 0.005301597993820906 14399
1700059949717 0.004913201089948416 14499
1700059955337 0.00604123855009675 14599
1700059960894 0.005020285956561565 14699
1700059966477 0.005053889937698841 14799
1700059972035 0.004628167487680912 14899
1700059977559 0.0066446587443351746 14999
1700059983143 0.0054628606885671616 15099
1700059988714 0.004772996064275503 15199
1700059994315 0.0053029791451990604 15299
1700059999869 0.006091703195124865 15399
1700060005416 0.005691361613571644 15499
1700060010955 0.005371893290430307 15599
1700060016488 0.004205968696624041 15699
1700060022104 0.0055594309233129025 15799
1700060027658 0.005161350592970848 15899
1700060033578 0.005153357982635498 15999
1700060039285 0.00520720612257719 16099
1700060044985 0.0047895037569105625 16199
1700060050865 0.004864525515586138 16299
1700060056694 0.0056587099097669125 16399
1700060062350 0.0046773371286690235 16499
1700060067963 0.005520125851035118 16599
1700060073685 0.005723938811570406 16699
1700060079275 0.004452921915799379 16799
1700060084911 0.005734063684940338 16899
1700060090510 0.00560007244348526 16999
1700060096158 0.005936481058597565 17099
1700060101758 0.004838475491851568 17199
1700060107347 0.00416718190535903 17299
1700060112941 0.005745969247072935 17399
1700060118510 0.0049492716789245605 17499
1700060124081 0.005272628273814917 17599
1700060129674 0.0054962593130767345 17699
1700060135299 0.004792357329279184 17799
1700060140895 0.005676669534295797 17899
1700060146439 0.004599759355187416 17999
1700060152042 0.005032384768128395 18099
1700060157648 0.005693410988897085 18199
1700060163243 0.006340487394481897 18299
1700060168835 0.005673449952155352 18399
1700060174464 0.005466744769364595 18499
1700060180042 0.004539032466709614 18599
1700060185663 0.0048073939979076385 18699
1700060191342 0.00599141139537096 18799
1700060196944 0.00600819755345583 18899
1700060202616 0.006304753478616476 18999
1700060208195 0.005536678712815046 19099
1700060213810 0.004961620084941387 19199
1700060219442 0.005135380197316408 19299
1700060225085 0.005066739395260811 19399
1700060230668 0.0048616379499435425 19499
1700060236304 0.00466747535392642 19599
1700060241906 0.0044263568706810474 19699
1700060247501 0.004668147303164005 19799
1700060253123 0.005179981701076031 19899
1700060258740 0.0052612097933888435 19999
1700060264339 0.005523876752704382 20099
1700060269955 0.006362746004015207 20199
1700060275560 0.005890057887881994 20299
1700060281172 0.004670136142522097 20399
1700060286765 0.005492064636200666 20499
1700060292484 0.005819761659950018 20599
1700060298076 0.004776387941092253 20699
1700060303721 0.00433315010741353 20799
1700060374566 0.004570733290165663 20899
1700060380223 0.005247424356639385 20999
1700060385839 0.005624157842248678 21099
1700060391408 0.004866405855864286 21199
1700060396984 0.006016549188643694 21299
1700060402589 0.005463631357997656 21399
1700060408184 0.005928735714405775 21499
1700060413766 0.005142885725945234 21599
1700060419353 0.005276513751596212 21699
1700060425137 0.004792321939021349 21799
1700060430939 0.004885123111307621 21899
1700060436594 0.005661926232278347 21999
1700060442177 0.006110127549618483 22099
1700060447733 0.0053727286867797375 22199
1700060453272 0.006790149491280317 22299
1700060458772 0.005468388088047504 22399
1700060464334 0.005864073988050222 22499
1700060469823 0.005762616638094187 22599
1700060475394 0.0049495152197778225 22699
1700060480917 0.004889692645519972 22799
1700060486402 0.004145445302128792 22899
1700060491937 0.005971844773739576 22999
1700060497433 0.004921285435557365 23099
1700060502954 0.0046387892216444016 23199
1700060508468 0.004963927436619997 23299
1700060514004 0.00524514215067029 23399
1700060519482 0.005243437830358744 23499
1700060524988 0.004535770509392023 23599
1700060530557 0.006028685253113508 23699
1700060536017 0.004199210554361343 23799
1700060541587 0.0057649253867566586 23899
1700060547090 0.005108284763991833 23999
1700060552617 0.005800937302410603 24099
1700060558123 0.005376877263188362 24199
1700060563676 0.004973959177732468 24299
1700060569175 0.00527207413688302 24399
1700060574772 0.004726861137896776 24499
1700060580328 0.0054503269493579865 24599
1700060585814 0.004553778562694788 24699
1700060591358 0.004316566977649927 24799
1700060596849 0.004955810960382223 24899
1700060602430 0.004805086646229029 24999
1700060607952 0.005207450594753027 25099
1700060613479 0.004599815234541893 25199
1700060618996 0.005273686721920967 25299
1700060624547 0.004520265385508537 25399
1700060630098 0.005487507674843073 25499
1700060635669 0.004557711072266102 25599
1700060641280 0.004656445700675249 25699
1700060646830 0.004900785628706217 25799
1700060652429 0.0051231663674116135 25899
1700060657936 0.005726819392293692 25999
1700060663570 0.0059717148542404175 26099
1700060669086 0.005436858162283897 26199
1700060674680 0.005463034380227327 26299
1700060680243 0.004670100286602974 26399
1700060685792 0.005692492239177227 26499
1700060691353 0.004764363169670105 26599
1700060696881 0.005086464807391167 26699
1700060702452 0.005014683585613966 26799
1700060707945 0.006054575555026531 26899
1700060713514 0.0048009492456912994 26999
1700060719019 0.004526961594820023 27099
1700060724608 0.004620601423084736 27199
1700060730132 0.005755605176091194 27299
1700060735665 0.004848238546401262 27399
1700060741239 0.005224321503192186 27499
1700060746742 0.005286992993205786 27599
1700060752299 0.005330125335603952 27699
1700060823423 0.005719006061553955 27799
1700060829112 0.006044069305062294 27899
1700060835110 0.004751305095851421 27999
1700060840764 0.004861671011894941 28099
1700060846406 0.0047563714906573296 28199
1700060851898 0.0052671050652861595 28299
1700060857460 0.00454282620921731 28399
1700060863035 0.004748729057610035 28499
1700060868591 0.005956083070486784 28599
1700060874377 0.00463740574195981 28699
1700060879974 0.004989092703908682 28799
1700060885617 0.00630937609821558 28899
1700060891207 0.005334489978849888 28999
1700060896817 0.005297532770782709 29099
1700060902373 0.005848884582519531 29199
1700060907999 0.004074722994118929 29299
1700060913584 0.0057022157125175 29399
1700060919211 0.005111374892294407 29499
1700060924881 0.004419449716806412 29599
1700060930465 0.005914533510804176 29699
1700060936145 0.004865205381065607 29799
1700060941664 0.00575424125418067 29899
1700060947350 0.005564598366618156 29999
1700060952870 0.005528790410608053 30099
1700060958421 0.005626996047794819 30199
1700060963920 0.00553358206525445 30299
1700060969524 0.004551036283373833 30399
1700060975103 0.0040356810204684734 30499
1700060980639 0.00506820622831583 30599
1700060986171 0.0053886608220636845 30699
1700060991705 0.005341230425983667 30799
1700060997671 0.004994417540729046 30899
1700061003807 0.005166422110050917 30999
1700061009981 0.0050004152581095695 31099
1700061016397 0.004559843335300684 31199
1700061022626 0.004862225614488125 31299
1700061029541 0.0056155091151595116 31399
1700061036016 0.005263753235340118 31499
1700061042295 0.004107723943889141 31599
1700061048596 0.004123160615563393 31699
1700061054837 0.004846084862947464 31799
1700061061058 0.00632818229496479 31899
1700061067257 0.004888616036623716 31999
1700061073629 0.004942941479384899 32099
1700061079828 0.004050846211612225 32199
1700061086114 0.005775700323283672 32299
1700061092351 0.004212245810776949 32399
1700061098621 0.005714938044548035 32499
1700061104876 0.004783343989402056 32599
1700061110827 0.004980800673365593 32699
1700061116433 0.004963461309671402 32799
1700061122179 0.005157626699656248 32899
1700061127931 0.004574678372591734 32999
1700061133708 0.005200013518333435 33099
1700061139357 0.006050405092537403 33199
1700061145056 0.005540536716580391 33299
1700061150816 0.004048800095915794 33399
1700061156592 0.00458891224116087 33499
1700061162235 0.005406128708273172 33599
1700061167963 0.004603667184710503 33699
1700061173957 0.005293660797178745 33799
1700061179780 0.005586193408817053 33899
1700061185509 0.00621329341083765 33999
1700061191104 0.005014457274228334 34099
1700061197031 0.0058532957918941975 34199
1700061202754 0.005814640317112207 34299
1700061208314 0.006033831275999546 34399
1700061213899 0.0048240479081869125 34499
1700061219460 0.004921055864542723 34599
1700061225026 0.004705994389951229 34699
1700061295243 0.004058238584548235 34799
1700061300783 0.0047109792940318584 34899
1700061306362 0.005523277912288904 34999
1700061311969 0.005346247926354408 35099
1700061317477 0.00552029674872756 35199
1700061323058 0.004963253624737263 35299
1700061328589 0.005307840649038553 35399
1700061334159 0.005692129489034414 35499
1700061339655 0.005601195152848959 35599
1700061345217 0.004488492850214243 35699
1700061350711 0.004750379826873541 35799
1700061356291 0.006033899262547493 35899
1700061361844 0.004850854631513357 35999
1700061367327 0.005395888816565275 36099
1700061372864 0.0050020827911794186 36199
1700061378346 0.004714608192443848 36299
1700061383918 0.004292950499802828 36399
1700061389436 0.0054628886282444 36499
1700061395064 0.005389901343733072 36599
1700061400586 0.004389786161482334 36699
1700061406184 0.005357752554118633 36799
1700061411739 0.0052662622183561325 36899
1700061417302 0.004133601672947407 36999
1700061422889 0.00492755277082324 37099
1700061428601 0.0051533919759094715 37199
1700061434148 0.00482950871810317 37299
1700061439678 0.004995533265173435 37399
1700061445145 0.0055264998227357864 37499
1700061450639 0.005345736164599657 37599
1700061456140 0.005250687710940838 37699
1700061461670 0.004556307103484869 37799
1700061467141 0.004945770371705294 37899
1700061472606 0.004885877948254347 37999
1700061478057 0.003960530273616314 38099
1700061483526 0.004310309886932373 38199
1700061489021 0.0048555308021605015 38299
1700061494839 0.004822257906198502 38399
1700061500320 0.005338856019079685 38499
1700061505831 0.004322606138885021 38599
1700061511349 0.004711617715656757 38699
1700061516905 0.00396235566586256 38799
1700061522513 0.005179996602237225 38899
1700061528000 0.005048587452620268 38999
1700061533529 0.005712833721190691 39099
1700061539003 0.0052434103563427925 39199
1700061544571 0.0046944390051066875 39299
1700061550101 0.004800294525921345 39399
1700061555695 0.005116453394293785 39499
1700061561204 0.005408844444900751 39599
1700061566803 0.0053326403722167015 39699
1700061572365 0.005169483833014965 39799
1700061577900 0.004740656353533268 39899
1700061583466 0.004829980432987213 39999
1700061588990 0.004624446388334036 40099
1700061594543 0.004707921762019396 40199
1700061600070 0.005290927365422249 40299
1700061605627 0.004797971807420254 40399
1700061611138 0.004721915349364281 40499
1700061616717 0.003786420449614525 40599
1700061622450 0.006363491527736187 40699
1700061628081 0.005536921322345734 40799
1700061633654 0.005785541608929634 40899
1700061639189 0.0050361561588943005 40999
1700061644768 0.005020214710384607 41099
1700061650360 0.006046881899237633 41199
1700061655921 0.0039592222310602665 41299
1700061661558 0.0039477236568927765 41399
1700061667093 0.0048868958838284016 41499
1700061672658 0.005815807264298201 41599
1700061742107 0.004522006027400494 41699
1700061747688 0.004929366055876017 41799
1700061753265 0.006465601734817028 41899
1700061758793 0.004618540871888399 41999
1700061764357 0.006185419857501984 42099
1700061769834 0.004317185375839472 42199
1700061775526 0.005888449959456921 42299
1700061781032 0.003971004858613014 42399
1700061786536 0.00507905799895525 42499
1700061792010 0.005602081306278706 42599
1700061797525 0.00530122360214591 42699
1700061803022 0.005986084695905447 42799
1700061808541 0.005111855920404196 42899
1700061814040 0.005383192095905542 42999
1700061819506 0.005259636789560318 43099
1700061824989 0.0048563238233327866 43199
1700061830450 0.005540800280869007 43299
1700061835902 0.004369842819869518 43399
1700061841387 0.004747862461954355 43499
1700061846868 0.004990255925804377 43599
1700061852327 0.005507794674485922 43699
1700061857792 0.0048269848339259624 43799
1700061863259 0.004273138474673033 43899
1700061868701 0.005456138402223587 43999
1700061874204 0.005921457428485155 44099
1700061879709 0.006687273737043142 44199
1700061885204 0.005364656914025545 44299
1700061890697 0.0050460114143788815 44399
1700061896178 0.006046743597835302 44499
1700061901675 0.00469726650044322 44599
1700061907187 0.0047121779061853886 44699
1700061912695 0.004380939994007349 44799
1700061918215 0.0047782245092093945 44899
1700061923704 0.005340969655662775 44999
1700061929210 0.004576045088469982 45099
1700061934702 0.004760304931551218 45199
1700061940233 0.004489187151193619 45299
1700061945722 0.005413278006017208 45399
1700061951214 0.005484477151185274 45499
1700061956701 0.00529714347794652 45599
1700061962203 0.005545149091631174 45699
1700061967666 0.004811338614672422 45799
1700061973138 0.005219840910285711 45899
1700061978582 0.004884099122136831 45999
1700061984027 0.0046361577697098255 46099
1700061989476 0.004784271586686373 46199
1700061994954 0.00496984738856554 46299
1700062000489 0.005359307862818241 46399
1700062005976 0.005499947816133499 46499
1700062011531 0.005070730112493038 46599
1700062017061 0.004256505519151688 46699
1700062022592 0.0053207892924547195 46799
1700062028122 0.004376469179987907 46899
1700062033703 0.004896738566458225 46999
1700062039190 0.00484962435439229 47099
1700062044691 0.005065449047833681 47199
1700062050182 0.004864342510700226 47299
1700062055925 0.005226248875260353 47399
1700062061418 0.005304377991706133 47499
1700062067035 0.005604892503470182 47599
1700062072596 0.005114130675792694 47699
1700062078118 0.005225393455475569 47799
1700062083669 0.0056516691111028194 47899
1700062089177 0.005748707335442305 47999
1700062094723 0.005270708352327347 48099
1700062100264 0.005408736411482096 48199
1700062105808 0.004741889424622059 48299
1700062111310 0.005489583592861891 48399
1700062116873 0.006107461638748646 48499
1700062122416 0.004993190988898277 48599
1700062191919 0.005235074087977409 48699
1700062197465 0.004836450796574354 48799
1700062202975 0.005478464532643557 48899
1700062208584 0.004773794673383236 48999
1700062214119 0.004564386326819658 49099
1700062219669 0.0049264198169112206 49199
1700062225144 0.005131858866661787 49299
1700062230722 0.004775253124535084 49399
1700062236236 0.004660471808165312 49499
1700062241788 0.005119320470839739 49599
1700062247293 0.005303874611854553 49699
1700062252798 0.004232421051710844 49799
1700062258330 0.005554302595555782 49899
1700062263825 0.005621667951345444 49999
1700062275664 0.005493840668350458 50099
1700062309983 0.005642870906740427 50199
1700062342953 0.0048325336538255215 50299
1700062349566 0.004429503809660673 50399
1700062355038 0.005011984147131443 50499
1700062360519 0.0049820453859865665 50599
1700062366004 0.004597115330398083 50699
1700062371483 0.005103692878037691 50799
1700062376958 0.004480384290218353 50899
1700062382445 0.0046443273313343525 50999
1700062395792 0.0050049698911607265 51099
1700062426847 0.004610744770616293 51199
1700062457347 0.005949678830802441 51299
1700062490205 0.004873620346188545 51399
1700062522657 0.005779513157904148 51499
1700062555166 0.005617339629679918 51599
1700062587592 0.005784770008176565 51699
1700062619360 0.0048457905650138855 51799
1700062649562 0.0063779279589653015 51899
1700062679501 0.005286404862999916 51999
1700062712668 0.005346906371414661 52099
1700062744420 0.004988498520106077 52199
1700062774675 0.004389697685837746 52299
1700062804396 0.005117189604789019 52399
1700062834298 0.005028585437685251 52499
1700062863993 0.004769364837557077 52599
1700062893957 0.0058958386071026325 52699
1700062923932 0.00423003826290369 52799
1700062953609 0.005561063531786203 52899
1700062983274 0.005171586759388447 52999
1700063013166 0.004273928236216307 53099
1700063042814 0.004830047022551298 53199
1700063073868 0.004636780358850956 53299
1700063103809 0.004356667399406433 53399
1700063133630 0.004742761608213186 53499
1700063163350 0.00449377903714776 53599
1700063193606 0.004999683704227209 53699
1700063222934 0.004711559973657131 53799
1700063252676 0.0047090728767216206 53899
1700063282331 0.004608077462762594 53999
1700063312526 0.005268912296742201 54099
1700063342607 0.0047001102939248085 54199
1700063372137 0.005096822045743465 54299
1700063401882 0.005450025200843811 54399
1700063431905 0.005836024414747953 54499
1700063461514 0.005092435050755739 54599
1700063491357 0.003942891489714384 54699
1700063521016 0.004301977809518576 54799
1700063550843 0.004630077630281448 54899
1700063580310 0.005105453077703714 54999
1700063610185 0.005160298198461533 55099
1700063639870 0.005147446878254414 55199
1700063669538 0.005114949773997068 55299
1700063699067 0.005847373977303505 55399
1700063729140 0.004218858666718006 55499
1700064065071 0.005222433712333441 55599
1700064097128 0.004074134398251772 55699
1700064129504 0.006218626629561186 55799
1700064160913 0.005129534285515547 55899
1700064192937 0.004630980547517538 55999
1700064224208 0.005727248732000589 56099
1700064235716 0.004537738393992186 56199
1700064241344 0.005760248750448227 56299
1700064246963 0.004860428627580404 56399
1700064252602 0.004961088299751282 56499
1700064258204 0.0047882311046123505 56599
1700064263814 0.005779650062322617 56699
1700064269431 0.005098856985569 56799
1700064275048 0.00593342212960124 56899
1700064280668 0.004858092404901981 56999
1700064286286 0.005142262205481529 57099
1700064291912 0.005765690468251705 57199
1700064297503 0.004659394267946482 57299
1700064303150 0.004147342871874571 57399
1700064308751 0.0062253437936306 57499
1700064314357 0.0039969878271222115 57599
1700064319985 0.00602453900501132 57699
1700064325599 0.005098350811749697 57799
1700064331237 0.004765707068145275 57899
1700064336865 0.006228824146091938 57999
1700064342479 0.00587198231369257 58099
1700064348081 0.004621782340109348 58199
1700064353699 0.005739728454500437 58299
1700064359300 0.005759017542004585 58399
1700064364927 0.0051537733525037766 58499
1700064370581 0.00493689114227891 58599
1700064376186 0.004705494735389948 58699
1700064381822 0.004592210054397583 58799
1700064387435 0.005945718381553888 58899
1700064393069 0.004790777340531349 58999
1700064398719 0.005027152597904205 59099
1700064404339 0.004459503572434187 59199
1700064410023 0.0046405186876654625 59299
1700064415626 0.00545378215610981 59399
1700064421244 0.005793700460344553 59499
1700064426864 0.005734705366194248 59599
1700064432471 0.00603133998811245 59699
1700064438103 0.005187517963349819 59799
1700064443728 0.005163768772035837 59899
1700064449329 0.005610814783722162 59999
1700064454941 0.005566110368818045 60099
1700064460559 0.004320431500673294 60199
1700064466180 0.00582431023940444 60299
1700064471826 0.005636740941554308 60399
1700064477488 0.004870051052421331 60499
1700064483108 0.005347580183297396 60599
1700064488745 0.005245184060186148 60699
1700064494341 0.004922119900584221 60799
1700064499978 0.006073519587516785 60899
1700064505635 0.004508310463279486 60999
1700064511235 0.006116182077676058 61099
1700064516909 0.005373208783566952 61199
1700064522593 0.004390518646687269 61299
1700064528259 0.004855744075030088 61399
1700064534113 0.0051084174774587154 61499
1700064539802 0.004539595916867256 61599
1700064545518 0.005604222416877747 61699
1700064551175 0.005304133519530296 61799
1700064556814 0.004752318374812603 61899
1700064562416 0.004734390415251255 61999
1700064568131 0.0043295277282595634 62099
1700064573698 0.0065425727516412735 62199
1700064579326 0.00513286842033267 62299
1700064584706 0.004714309237897396 62399
1700064590531 0.005200463347136974 62499
1700064659299 0.005545518826693296 62599
1700064664853 0.004753326531499624 62699
1700064670381 0.00536658801138401 62799
1700064675908 0.004799374379217625 62899
1700064681435 0.004432422108948231 62999
1700064686961 0.0050409999676048756 63099
1700064692531 0.004723869729787111 63199
1700064698089 0.0057719070464372635 63299
1700064703632 0.005308737512677908 63399
1700064709137 0.006073769647628069 63499
1700064714655 0.003990875091403723 63599
1700064720152 0.005319382529705763 63699
1700064725699 0.004834689199924469 63799
1700064731213 0.005715572740882635 63899
1700064736694 0.005427351221442223 63999
1700064742222 0.004596461541950703 64099
1700064747715 0.005595569033175707 64199
1700064753189 0.005041303113102913 64299
1700064758710 0.005262372083961964 64399
1700064764238 0.004828581120818853 64499
1700064769753 0.005836891941726208 64599
1700064775262 0.0049950494430959225 64699
1700064780768 0.005759770050644875 64799
1700064786297 0.005899684503674507 64899
1700064791810 0.005798607133328915 64999
1700064797334 0.005914068780839443 65099
1700064802854 0.004635034129023552 65199
1700064808359 0.004839918576180935 65299
1700064813860 0.006269958335906267 65399
1700064819387 0.0059438240714371204 65499
1700064824933 0.005007409956306219 65599
1700064830435 0.004587751347571611 65699
1700064835952 0.0062279123812913895 65799
1700064841422 0.004321164917200804 65899
1700064846939 0.005219654180109501 65999
1700064852481 0.004413501359522343 66099
1700064858016 0.0046343011781573296 66199
1700064863637 0.00566200353205204 66299
1700064869168 0.005519687198102474 66399
1700064874708 0.004651804454624653 66499
1700064880247 0.005662098992615938 66599
1700064885775 0.004583427216857672 66699
1700064891315 0.005046055652201176 66799
1700064896810 0.005425690673291683 66899
1700064902425 0.005266319029033184 66999
1700064907909 0.004936047364026308 67099
1700064913419 0.004587092902511358 67199
1700064918922 0.004607921000570059 67299
1700064924458 0.004694477189332247 67399
1700064929999 0.0047023422084748745 67499
1700064935518 0.0047746822237968445 67599
1700064941117 0.004556670784950256 67699
1700064946676 0.0046775187365710735 67799
1700064952149 0.005115679930895567 67899
1700064957643 0.005131480284035206 67999
1700064963119 0.0046587539836764336 68099
1700064968623 0.0031898871529847383 68199
1700064974118 0.005001398269087076 68299
1700064979661 0.005183839704841375 68399
1700064985192 0.005030770320445299 68499
1700064990679 0.0039229616522789 68599
1700064996210 0.00545480428263545 68699
1700065001733 0.005702784284949303 68799
1700065007249 0.004945680033415556 68899
1700065012762 0.0048734089359641075 68999
1700065018271 0.0038161154370754957 69099
1700065023780 0.005750260781496763 69199
1700065029308 0.004596265032887459 69299
1700065034804 0.004760717507451773 69399
1700065103601 0.005779497791081667 69499
1700065109211 0.004812621511518955 69599
1700065114749 0.0058599538169801235 69699
1700065120281 0.00510057108476758 69799
1700065125857 0.005491610616445541 69899
1700065131417 0.004761168733239174 69999
1700065136954 0.005994307808578014 70099
1700065142488 0.005226195324212313 70199
1700065147991 0.004321558400988579 70299
1700065153545 0.005193817429244518 70399
1700065159076 0.005738795734941959 70499
1700065164625 0.005409184843301773 70599
1700065170192 0.004805650096386671 70699
1700065175724 0.0047284378670156 70799
1700065181242 0.005533209536224604 70899
1700065186770 0.0050927442498505116 70999
1700065192312 0.0050815436989068985 71099
1700065197833 0.005082412157207727 71199
1700065203363 0.005361858289688826 71299
1700065208900 0.005424461793154478 71399
1700065214454 0.004876998253166676 71499
1700065219959 0.006066621746867895 71599
1700065225486 0.005352070555090904 71699
1700065231055 0.004765441175550222 71799
1700065236606 0.005284453276544809 71899
1700065242127 0.003947197925299406 71999
1700065247644 0.004219078458845615 72099
1700065253181 0.005937312263995409 72199
1700065258718 0.005065738223493099 72299
1700065264258 0.004146297462284565 72399
1700065269778 0.004752847366034985 72499
1700065275303 0.005246846936643124 72599
1700065280828 0.004502557218074799 72699
1700065286364 0.004702557809650898 72799
1700065291912 0.005594512447714806 72899
1700065297450 0.0038622647989541292 72999
1700065302978 0.003263575956225395 73099
1700065308506 0.0038836842868477106 73199
1700065314016 0.0049271308816969395 73299
1700065319493 0.0049534207209944725 73399
1700065325141 0.005266131833195686 73499
1700065330612 0.0048857335932552814 73599
1700065336079 0.00551284896209836 73699
1700065341535 0.005032586865127087 73799
1700065347017 0.005990626756101847 73899
1700065352474 0.005588074214756489 73999
1700065357965 0.005217341240495443 74099
1700065363456 0.004307087045162916 74199
1700065368907 0.005835018586367369 74299
1700065374493 0.005145275499671698 74399
1700065379992 0.004965381696820259 74499
1700065385510 0.004877503030002117 74599
1700065391045 0.00505745830014348 74699
1700065396572 0.005599658004939556 74799
1700065402069 0.005932456813752651 74899
1700065407656 0.004437876865267754 74999
1700065413118 0.0052468134090304375 75099
1700065418605 0.005865239538252354 75199
1700065424107 0.005365865305066109 75299
1700065429590 0.005069911014288664 75399
1700065435074 0.005464306101202965 75499
1700065440557 0.005408127326518297 75599
1700065446035 0.004821456503123045 75699
1700065451520 0.005033375695347786 75799
1700065457061 0.004767061676830053 75899
1700065462567 0.004824921488761902 75999
1700065468044 0.005467524752020836 76099
1700065473529 0.004798963200300932 76199
1700065479032 0.004839801695197821 76299
1700065484553 0.00466858921572566 76399
1700065553152 0.004043676424771547 76499
1700065558670 0.005207697860896587 76599
1700065564218 0.0057746535167098045 76699
1700065569743 0.004944469779729843 76799
1700065575295 0.005113545339554548 76899
1700065580818 0.00418070936575532 76999
1700065586360 0.0053254240192472935 77099
1700065591877 0.004550252575427294 77199
1700065597391 0.0058320555835962296 77299
1700065602903 0.004627137444913387 77399
1700065608505 0.0051708281971514225 77499
1700065614040 0.0051881433464586735 77599
1700065619556 0.004695448558777571 77699
1700065625066 0.006033509504050016 77799
1700065630592 0.005550346337258816 77899
1700065636124 0.005083328578621149 77999
1700065641637 0.004694887902587652 78099
1700065647168 0.004915145691484213 78199
1700065652698 0.004912125412374735 78299
1700065658213 0.004117651376873255 78399
1700065663707 0.0047237928956747055 78499
1700065669210 0.006460967008024454 78599
1700065674722 0.005180977750569582 78699
1700065680201 0.004703621380031109 78799
1700065685728 0.004170049447566271 78899
1700065691234 0.00531992269679904 78999
1700065696738 0.005079276394098997 79099
1700065702225 0.004960442427545786 79199
1700065707712 0.004546202253550291 79299
1700065713245 0.005088576581329107 79399
1700065718790 0.004212108440697193 79499
1700065724314 0.005871964618563652 79599
1700065729834 0.004542061127722263 79699
1700065735373 0.004412448965013027 79799
1700065740947 0.00445338012650609 79899
1700065746502 0.005296009127050638 79999
1700065752034 0.005158592015504837 80099
1700065757554 0.005070938728749752 80199
1700065763068 0.0048658414743840694 80299
1700065768562 0.005632611457258463 80399
1700065774106 0.005095528904348612 80499
1700065779627 0.005515514872968197 80599
1700065785140 0.004152147099375725 80699
1700065790637 0.005695393308997154 80799
1700065796117 0.005431122146546841 80899
1700065801594 0.0034158723428845406 80999
1700065807053 0.004612465854734182 81099
1700065812568 0.006005748640745878 81199
1700065818037 0.0043210298754274845 81299
1700065823502 0.004962759558111429 81399
1700065828985 0.0048415749333798885 81499
1700065834462 0.0041144113056361675 81599
1700065839980 0.005085601005703211 81699
1700065845465 0.004046641755849123 81799
1700065850957 0.004747738596051931 81899
1700065856411 0.005188609007745981 81999
1700065861889 0.0055359238758683205 82099
1700065867397 0.004367607645690441 82199
1700065872890 0.005149553995579481 82299
1700065878350 0.0055325822904706 82399
1700065883796 0.004836146719753742 82499
1700065889261 0.0057130297645926476 82599
1700065894749 0.00396022479981184 82699
1700065900244 0.0053910259157419205 82799
1700065905749 0.005954212509095669 82899
1700065911232 0.0058663892559707165 82999
1700065916735 0.004990873858332634 83099
1700065922236 0.005028523039072752 83199
1700065927759 0.0041582947596907616 83299
1700065996549 0.0058210548013448715 83399
1700066002025 0.004670092836022377 83499
1700066007465 0.005043347366154194 83599
1700066012985 0.004227825440466404 83699
1700066018489 0.004248789977282286 83799
1700066024046 0.004662227816879749 83899
1700066029569 0.004921562038362026 83999
1700066035101 0.005119146779179573 84099
1700066040572 0.004255201201885939 84199
1700066046111 0.004676223266869783 84299
1700066051716 0.006516716908663511 84399
1700066057200 0.005128726363182068 84499
1700066062742 0.004639101680368185 84599
1700066068273 0.005880009848624468 84699
1700066073764 0.005580403842031956 84799
1700066079292 0.005111122969537973 84899
1700066084786 0.004701070487499237 84999
1700066090326 0.005604723002761602 85099
1700066095818 0.006042404565960169 85199
1700066101333 0.003295856760814786 85299
1700066106818 0.004967323038727045 85399
1700066112283 0.004112225491553545 85499
1700066117913 0.0056065889075398445 85599
1700066123511 0.006301890127360821 85699
1700066128993 0.005112200975418091 85799
1700066134501 0.004955613985657692 85899
1700066139977 0.004171913489699364 85999
1700066145452 0.004466572776436806 86099
1700066150929 0.005066701211035252 86199
1700066156414 0.00429845554754138 86299
1700066161877 0.005133865866810083 86399
1700066167334 0.003443545661866665 86499
1700066172830 0.003948448691517115 86599
1700066178321 0.005593078210949898 86699
1700066183798 0.005193870514631271 86799
1700066189301 0.005196982994675636 86899
1700066194772 0.005312428809702396 86999
1700066200310 0.005032252985984087 87099
1700066205785 0.004520615562796593 87199
1700066211277 0.004602651111781597 87299
1700066216760 0.004919283092021942 87399
1700066222260 0.004694406408816576 87499
1700066227731 0.004685442894697189 87599
1700066233237 0.0041667502373456955 87699
1700066238724 0.0051886518485844135 87799
1700066244191 0.005049561616033316 87899
1700066249688 0.004481081385165453 87999
1700066255186 0.005486440844833851 88099
1700066260672 0.004072513431310654 88199
1700066266187 0.004688524175435305 88299
1700066271677 0.005212773568928242 88399
1700066277192 0.0051859039813280106 88499
1700066282698 0.004877100698649883 88599
1700066288159 0.005687138065695763 88699
1700066293861 0.004757179878652096 88799
1700066299322 0.005721248220652342 88899
1700066304798 0.005518845748156309 88999
1700066310309 0.00469876267015934 89099
1700066315923 0.0045330338180065155 89199
1700066321453 0.005001656711101532 89299
1700066326950 0.005145203787833452 89399
1700066332474 0.005134522449225187 89499
1700066337967 0.004651330411434174 89599
1700066343498 0.004865584429353476 89699
1700066349079 0.0050561255775392056 89799
1700066354611 0.004949517548084259 89899
1700066360096 0.00439080037176609 89999
1700066365582 0.004824184346944094 90099
1700066371078 0.004555666819214821 90199
1700066376586 0.005112192127853632 90299
1700066445661 0.004551837220788002 90399
1700066451156 0.004776972346007824 90499
1700066456647 0.004803077783435583 90599
1700066462165 0.005373039282858372 90699
1700066467722 0.005047218408435583 90799
1700066473295 0.005849954206496477 90899
1700066478802 0.005682986229658127 90999
1700066484342 0.004494817927479744 91099
1700066489886 0.004254905041307211 91199
1700066495409 0.004994572140276432 91299
1700066500973 0.0063540455885231495 91399
1700066506530 0.00571117689833045 91499
1700066512042 0.004705897066742182 91599
1700066517567 0.0048142969608306885 91699
1700066523068 0.004268270451575518 91799
1700066528571 0.004956086631864309 91899
1700066534080 0.004489165730774403 91999
1700066539603 0.00546732172369957 92099
1700066545111 0.004873827565461397 92199
1700066550608 0.005195315927267075 92299
1700066556137 0.0054210457019507885 92399
1700066561643 0.006536318454891443 92499
1700066567139 0.004115660674870014 92599
1700066572627 0.005823236890137196 92699
1700066578129 0.0052035655826330185 92799
1700066583644 0.004983332473784685 92899
1700066589156 0.004903101362287998 92999
1700066594665 0.004934278316795826 93099
1700066600159 0.005028313025832176 93199
1700066605660 0.004636199679225683 93299
1700066611121 0.004808387719094753 93399
1700066616624 0.006620446685701609 93499
1700066622126 0.004793809726834297 93599
1700066627643 0.005943017546087503 93699
1700066633144 0.004745547194033861 93799
1700066638646 0.004910231102257967 93899
1700066644151 0.005576569586992264 93999
1700066649665 0.004481112584471703 94099
1700066655189 0.004986864048987627 94199
1700066660700 0.0056566474959254265 94299
1700066666182 0.004888901021331549 94399
1700066671725 0.004784643650054932 94499
1700066677266 0.005570431239902973 94599
1700066682777 0.004837232641875744 94699
1700066688247 0.004991002846509218 94799
1700066693732 0.004789942409843206 94899
1700066699219 0.004073049407452345 94999
1700066704759 0.004297948442399502 95099
1700066710250 0.005301271099597216 95199
1700066715931 0.004588184878230095 95299
1700066721397 0.00527670094743371 95399
1700066726756 0.004949014633893967 95499
1700066732608 0.0048347823321819305 95599
1700066738140 0.005979098845273256 95699
1700066743696 0.003819214878603816 95799
1700066749235 0.0044421725906431675 95899
1700066754776 0.004811286460608244 95999
1700066760288 0.0051529137417674065 96099
1700066765804 0.005077148322016001 96199
1700066771273 0.0042489077895879745 96299
1700066776800 0.0045044622384011745 96399
1700066782310 0.004485465586185455 96499
1700066787878 0.0052971565164625645 96599
1700066793404 0.005125097930431366 96699
1700066798900 0.005615932866930962 96799
1700066804411 0.00497460039332509 96899
1700066809931 0.0046358839608728886 96999
1700066815433 0.004860923159867525 97099
1700066820946 0.006227549165487289 97199
1700066890588 0.005313711240887642 97299
1700066896082 0.005522761959582567 97399
1700066901560 0.004973154515028 97499
1700066907060 0.005005486309528351 97599
1700066912586 0.004354108590632677 97699
1700066918105 0.003992689773440361 97799
1700066923621 0.005098846275359392 97899
1700066929096 0.004867132753133774 97999
1700066934584 0.005560919642448425 98099
1700066940087 0.004889647010713816 98199
1700066945649 0.004567286465317011 98299
1700066951169 0.005761946085840464 98399
1700066956698 0.004907140973955393 98499
1700066962213 0.004574688617140055 98599
1700066967660 0.004160869400948286 98699
1700066973322 0.004289815668016672 98799
1700066978877 0.005844090133905411 98899
1700066984414 0.005206608213484287 98999
1700066989950 0.004674255847930908 99099
1700066995441 0.0042432332411408424 99199
1700067000905 0.005044146906584501 99299
1700067006403 0.0042972140945494175 99399
1700067011933 0.004995029419660568 99499
1700067017428 0.0039652930572628975 99599
1700067022930 0.003945748321712017 99699
1700067028446 0.004979016724973917 99799
1700067033929 0.004503773059695959 99899
1700067039445 0.004076436627656221 99999
1700067045021 0.004561521112918854 100099
1700067050505 0.004162267781794071 100199
1700067055997 0.004562698770314455 100299
1700067061498 0.0052931481041014194 100399
1700067067016 0.005303479731082916 100499
1700067072571 0.0033355611376464367 100599
1700067078072 0.00533986696973443 100699
1700067083571 0.0055750831961631775 100799
1700067089067 0.005276014097034931 100899
1700067094538 0.004450544249266386 100999
1700067100036 0.0043505472131073475 101099
1700067105551 0.005694924853742123 101199
1700067111021 0.0055109490640461445 101299
1700067116507 0.00482766330242157 101399
1700067121989 0.005421443842351437 101499
1700067127467 0.005503189284354448 101599
1700067132964 0.005185253452509642 101699
1700067138448 0.004813807550817728 101799
1700067143939 0.004850158933550119 101899
1700067149398 0.0037569780834019184 101999
1700067154869 0.004348852206021547 102099
1700067160350 0.004826758988201618 102199
1700067165842 0.004542536102235317 102299
1700067171317 0.004733263049274683 102399
1700067176783 0.0054940516129136086 102499
1700067182255 0.004615691490471363 102599
1700067187757 0.0057286168448626995 102699
1700067193244 0.004895409569144249 102799
1700067198744 0.004249881487339735 102899
1700067204206 0.004288373049348593 102999
1700067209691 0.004726234823465347 103099
1700067215178 0.0040074544958770275 103199
1700067220691 0.0045725214295089245 103299
1700067226226 0.005487021990120411 103399
1700067231712 0.00582456961274147 103499
1700067237205 0.00559043837711215 103599
1700067242701 0.004450513049960136 103699
1700067248260 0.0044631436467170715 103799
1700067253802 0.00449016410857439 103899
1700067259262 0.004626380279660225 103999
1700067264885 0.0045089637860655785 104099
1700067270364 0.005242493003606796 104199
